3 0.7882947976878607 0.7037572254335255 0.4234104046242772 0.592485549132947
1 0.899385838150289 0.41835260115606926 0.20122832369942167 0.31358381502890176
1 0.28395953757225434 0.3171965317919075 0.04335260115606939 0.0476878612716763
1 0.34411127167630057 0.30852601156069365 0.03793352601156066 0.04479768786127174
1 0.32785404624277453 0.1315028901734104 0.02276011560693643 0.02890173410404625
0 0.10769728331177233 0.389391979301423 0.015523932729624849 0.02846054333764549
0 0.20520698576972837 0.3499353169469599 0.012613195342820162 0.01940491591203113
0 0.3798512289780078 0.3117723156532988 0.010672703751617121 0.015523932729624832
0 0.3953751617076327 0.31241914618369987 0.012613195342820233 0.01681759379042692
0 0.41478007761966373 0.3059508408796895 0.008732212160414008 0.014230271668822816
