3 0.8997641509433956 0.4804582210242589 0.2004716981132061 0.10916442048517545
1 0.9861859838274931 0.4588948787061996 0.027628032345013362 0.1361185983827494
1 0.4366576819407008 0.305256064690027 0.0485175202156335 0.0498652291105121
1 0.3755053908355794 0.3106469002695417 0.04952830188679245 0.052560646900269674
1 0.3992587601078167 0.12466307277628033 0.022237196765498624 0.03369272237196764
0 0.1991341991341991 0.36868686868686873 0.023809523809523794 0.027417027417027385
0 0.29058441558441556 0.33838383838383834 0.01623376623376622 0.015873015873015886
0 0.47673160173160184 0.3131313131313131 0.009740259740259492 0.014430014430014354
0 0.4599567099567099 0.310966810966811 0.010822510822510973 0.01587301587301585
0 0.48647186147186156 0.30519480519480496 0.009740259740259811 0.018759018759018753
