3 0.6790101156069364 0.5578034682080927 0.542991329479769 0.3497109826589594
1 0.6470375722543353 0.36632947976878616 0.18858381502890165 0.18641618497109844
1 0.21405346820809248 0.34465317919075145 0.03793352601156069 0.05057803468208086
1 0.15823699421965318 0.35476878612716767 0.03684971098265894 0.0476878612716763
1 0.19346098265895953 0.16979768786127167 0.020592485549132924 0.027456647398843934
0 0.017464424320827943 0.42949547218628725 0.01552393272962484 0.02846054333764563
0 0.09071798188874518 0.3913324708926261 0.012613195342820181 0.016817593790426882
0 0.23916558861578266 0.3499353169469599 0.012613195342820198 0.014230271668822781
0 0.2551746442432083 0.34799482535575677 0.011642949547218607 0.015523932729624903
0 0.2702134540750324 0.3395860284605433 0.010672703751617085 0.014230271668822781
