3 0.6565026954177898 0.536388140161725 0.5306603773584908 0.30727762803234504
1 0.5958557951482478 0.3652291105121294 0.16273584905660354 0.18059299191374678
1 0.20215633423180585 0.34770889487870626 0.040431266846361204 0.048517520215633624
1 0.1490902964959568 0.35646900269541787 0.051549865229110384 0.04447439353099741
1 0.18194070080862532 0.17250673854447438 0.022237196765498658 0.026954177897574122
0 0.010656874475003192 0.4294954721862876 0.016494178525226395 0.025247496387792515
0 0.08193269722125979 0.3923629271799138 0.014458711274339944 0.018475019961656684
0 0.22832714887395192 0.3497900550943572 0.010844033455754989 0.013655449536876602
0 0.24338830645138934 0.34898679335689387 0.010844033455754954 0.012048926061950026
0 0.25814824087727817 0.3373394981636754 0.010241587152657487 0.011245664324486598
