3 0.8132225433526007 0.7088150289017335 0.37355491329479756 0.5823699421965306
1 0.9351517341040463 0.45592485549132944 0.12969653179190743 0.4002890173410404
1 0.3820447976878613 0.30419075144508667 0.04660404624277447 0.04768786127167626
1 0.32135115606936376 0.3106936416184969 0.04877167630057802 0.04913294797687813
1 0.3647037572254335 0.125 0.02709537572254334 0.027456647398843917
0 0.13583441138421737 0.3796895213454075 0.017464424320827926 0.024579560155239336
0 0.23771021992238037 0.34282018111254847 0.015523932729624832 0.02069857697283311
0 0.4167205692108668 0.30853816300129366 0.010672703751617121 0.016817593790426882
0 0.43369987063389404 0.3091849935316947 0.013583441138421718 0.015523932729624832
0 0.4501940491591203 0.3020698576972833 0.009702457956015494 0.011642949547218607
