3 0.8138477088948788 0.7304582210242592 0.37230458221024226 0.539083557951482
1 0.9856805929919129 0.5680592991913741 0.02863881401617135 0.17385444743935202
1 0.3426549865229107 0.3207547169811321 0.038409703504043886 0.05121293800539091
1 0.27695417789757415 0.330188679245283 0.05256064690026957 0.05660377358490564
1 0.3285040431266846 0.13207547169811323 0.02425876010781671 0.029649595687331533
0 0.07664941785252263 0.4133247089262615 0.01746442432082794 0.02716688227684338
0 0.19065329883570506 0.36739974126778785 0.012613195342820198 0.02069857697283311
0 0.3822768434670117 0.3247089262613196 0.009702457956015565 0.015523932729624832
0 0.3973156532988358 0.32535575679172063 0.01067270375161705 0.014230271668822783
0 0.4181759379042691 0.3163001293661061 0.009702457956015494 0.014230271668822745
