3 0.8132225433526011 0.6936416184971098 0.3735549132947976 0.5635838150289019
1 0.9069725433526011 0.4335260115606937 0.18605491329479762 0.32080924855491333
1 0.38638005780346824 0.3049132947976879 0.04010115606936408 0.046242774566473945
1 0.3235187861271676 0.31141618497109824 0.04660404624277455 0.04479768786127163
1 0.36687138728323704 0.12572254335260116 0.02059248554913289 0.02890173410404625
0 0.14214100905562746 0.38033635187580855 0.016494178525226423 0.02846054333764549
0 0.24256144890038814 0.34282018111254847 0.015523932729624832 0.02069857697283311
0 0.420601552393273 0.3091849935316947 0.008732212160414008 0.015523932729624832
0 0.4351552393272964 0.30918499353169465 0.012613195342820162 0.012936610608020694
0 0.4535899094437258 0.3020698576972833 0.008732212160414008 0.011642949547218607
